* REW测量的测量数据V5.20.13
* 来源: EXCL: 楹鍏椋 (Realtek High Definition Audio), no input selected, L, volume: no control. 时间信号峰值电平-13.8 dBFS, 测量信号峰值电平 -13.8 dBFS
* 格式: 256k 对数扫频正弦, 1 扫频 at -12.0 dBFS using an acoustic timing reference
* 日期: 2025-3-19 21:46:54
* REW 设置:
* C计权补偿: 关
*  目标电平: 75.0 dB
* 注释: Delay 0.0210 ms (7.2 mm, 0.28 in) using estimated IR delay relative to Acoustic reference played from  L with no timing offset 时钟调整: 40.1 ppm
* 测量: Tanchjim Bunny DSP L
* 平滑: 1/24 倍频程
* 频率步进: 1/48 倍频程
* 起始频率: 20.000 Hz
*
* 频率(Hz) SPL(dB) 相位(角度)
20.000000 78.019 -156.3674
20.299999 78.024 -156.6859
20.600000 78.043 -156.9833
20.900000 78.070 -157.3178
21.200001 78.098 -157.7204
21.400000 78.111 -158.0150
21.799999 78.121 -158.6192
22.000000 78.120 -158.9058
22.400000 78.108 -159.4155
22.700001 78.098 -159.7491
23.000000 78.091 -160.0681
23.299999 78.087 -160.4052
23.600000 78.083 -160.7769
24.000000 78.071 -161.3198
24.299999 78.056 -161.7281
24.700001 78.030 -162.2264
25.000000 78.012 -162.5577
25.400000 77.998 -162.9710
25.799999 77.996 -163.4084
26.200001 78.000 -163.9144
26.500000 78.001 -164.3416
26.900000 77.996 -164.9486
27.200001 77.985 -165.4001
27.600000 77.962 -165.9565
28.000000 77.937 -166.4345
28.500000 77.912 -166.9360
29.000000 77.898 -167.4030
29.500000 77.890 -167.8975
30.000000 77.878 -168.4175
30.400000 77.861 -168.8166
30.700001 77.846 -169.0882
31.100000 77.824 -169.4041
31.500000 77.805 -169.6748
32.000000 77.790 -169.9825
32.500000 77.782 -170.3040
33.000000 77.778 -170.6787
33.500000 77.769 -171.1119
34.000000 77.748 -171.5594
34.500000 77.717 -171.9423
35.000000 77.688 -172.2161
35.500000 77.676 -172.4300
36.000000 77.684 -172.7068
36.500000 77.695 -173.1304
37.000000 77.688 -173.6542
37.500000 77.658 -174.1296
38.200001 77.607 -174.5093
38.700001 77.596 -174.6392
39.500000 77.626 -175.0202
40.000000 77.644 -175.4635
40.599998 77.638 -176.0814
41.200001 77.607 -176.6011
41.799999 77.575 -176.9645
42.500000 77.558 -177.3247
43.099998 77.549 -177.7134
43.700001 77.527 -178.1444
44.400002 77.484 -178.5236
45.000000 77.456 -178.6870
45.500000 77.450 -178.7995
46.200001 77.459 -179.0744
46.799999 77.460 -179.4262
47.500000 77.443 -179.8454
48.200001 77.416 179.8027
48.700001 77.396 179.5855
49.400002 77.372 179.2977
50.000000 77.353 179.0362
50.799999 77.325 178.6385
51.500000 77.291 178.2845
52.200001 77.252 177.9941
53.000000 77.218 177.7400
53.799999 77.202 177.4622
54.500000 77.195 177.1270
55.200001 77.183 176.7202
56.000000 77.156 176.2562
57.000000 77.116 175.7823
58.000000 77.087 175.3635
59.000000 77.060 174.8912
60.000000 77.022 174.4481
60.799999 76.993 174.1443
61.500000 76.968 173.8812
62.200001 76.939 173.6452
63.000000 76.913 173.4461
64.000000 76.900 173.1644
65.000000 76.882 172.7099
66.000000 76.837 172.2476
67.000000 76.777 171.9029
68.000000 76.720 171.7320
69.000000 76.692 171.6186
70.000000 76.681 171.3317
71.000000 76.655 170.9346
72.000000 76.614 170.5799
73.000000 76.570 170.3313
74.000000 76.541 170.1389
75.000000 76.520 169.8742
76.199997 76.484 169.4783
77.500000 76.426 169.0430
78.800003 76.357 168.7589
80.000000 76.314 168.5637
81.199997 76.280 168.2582
82.500000 76.227 167.9102
83.800003 76.171 167.6870
85.000000 76.133 167.4764
86.199997 76.091 167.2135
87.500000 76.046 166.9089
88.500000 76.006 166.6147
90.000000 75.920 166.2292
91.199997 75.842 166.0939
92.500000 75.777 166.0863
93.800003 75.730 165.9550
95.000000 75.673 165.7402
96.199997 75.612 165.6021
97.500000 75.576 165.4358
98.800003 75.543 165.0761
100.000000 75.488 164.8442
101.500000 75.440 164.7924
103.000000 75.401 164.6877
104.400002 75.352 164.5579
106.000000 75.288 164.4240
107.500000 75.239 164.2527
109.000000 75.181 164.0203
110.599998 75.105 163.9207
112.000000 75.037 163.9196
113.800003 74.938 163.9290
115.000000 74.872 163.9608
117.199997 74.793 164.0115
118.000000 74.778 163.9972
120.599998 74.722 163.9086
122.000000 74.667 163.9716
124.099998 74.571 164.0728
125.000000 74.521 164.0764
126.500000 74.439 164.1183
128.000000 74.378 164.2085
131.500000 74.289 164.4631
132.000000 74.277 164.4970
134.000000 74.212 164.5494
136.000000 74.137 164.5540
138.000000 74.076 164.5056
140.000000 74.018 164.5565
143.000000 73.940 164.8286
145.000000 73.863 164.9991
147.500000 73.779 165.2227
150.000000 73.727 165.3096
152.500000 73.668 165.4296
155.000000 73.616 165.7806
157.500000 73.575 166.1732
160.000000 73.528 166.4998
162.500000 73.466 166.8360
165.000000 73.413 167.0981
167.500000 73.367 167.2473
170.000000 73.330 167.4111
172.500000 73.294 167.6483
175.000000 73.257 167.9380
177.500000 73.215 168.2246
180.000000 73.180 168.5599
182.500000 73.151 168.8909
185.000000 73.114 169.2740
187.500000 73.080 169.6589
190.000000 73.051 169.9567
192.500000 73.036 170.2408
195.000000 73.038 170.5504
197.500000 73.038 170.8633
200.000000 73.012 171.1269
203.000000 72.973 171.3315
206.000000 72.946 171.4438
209.000000 72.917 171.7698
212.000000 72.897 172.2521
214.000000 72.893 172.5128
218.000000 72.881 172.9275
220.000000 72.871 173.1625
224.000000 72.870 173.5101
227.000000 72.874 173.7078
230.000000 72.877 173.9488
233.000000 72.887 174.2023
236.000000 72.895 174.4667
240.000000 72.887 174.8534
243.000000 72.881 175.1822
247.000000 72.888 175.5798
250.000000 72.888 175.8508
254.000000 72.890 176.1552
258.000000 72.907 176.3959
262.000000 72.926 176.8223
265.000000 72.929 177.2037
269.000000 72.935 177.4612
272.000000 72.948 177.5473
276.000000 72.984 177.6700
280.000000 73.021 177.7614
285.000000 73.049 177.9470
290.000000 73.089 178.1390
295.000000 73.132 178.3872
300.000000 73.161 178.6592
304.000000 73.185 178.8672
307.000000 73.202 178.9717
311.000000 73.221 179.0581
315.000000 73.228 179.2158
320.000000 73.221 179.5141
325.000000 73.247 179.6843
330.000000 73.294 179.8078
335.000000 73.310 179.8604
340.000000 73.308 179.9223
345.000000 73.323 -179.8768
350.000000 73.356 -179.7535
355.000000 73.390 -179.7271
360.000000 73.431 -179.6982
365.000000 73.462 -179.7166
370.000000 73.478 -179.6216
375.000000 73.494 -179.4726
382.000000 73.514 -179.3924
387.000000 73.526 -179.4025
395.000000 73.556 -179.4245
400.000000 73.584 -179.3185
406.000000 73.610 -179.2437
412.000000 73.620 -179.3248
418.000000 73.641 -179.3195
425.000000 73.682 -179.2049
431.000000 73.709 -179.1116
437.000000 73.722 -179.1257
444.000000 73.736 -179.1251
450.000000 73.754 -179.1331
455.000000 73.767 -179.2104
462.000000 73.788 -179.2448
468.000000 73.802 -179.2394
475.000000 73.820 -179.2746
482.000000 73.825 -179.3062
487.000000 73.820 -179.2734
494.000000 73.834 -179.1922
500.000000 73.864 -179.1610
508.000000 73.882 -179.1526
515.000000 73.887 -179.2138
522.000000 73.905 -179.2312
530.000000 73.925 -179.1665
538.000000 73.927 -179.0663
545.000000 73.931 -178.9969
552.000000 73.937 -178.9907
560.000000 73.942 -179.0402
570.000000 73.953 -179.0417
580.000000 73.965 -179.0239
590.000000 73.982 -179.0535
600.000000 74.002 -179.1203
608.000000 74.010 -179.1259
615.000000 74.008 -179.1022
622.000000 74.007 -179.0620
630.000000 74.012 -178.9898
640.000000 74.028 -178.8926
650.000000 74.037 -178.7549
660.000000 74.042 -178.6640
670.000000 74.050 -178.6139
680.000000 74.066 -178.5210
690.000000 74.087 -178.4918
700.000000 74.106 -178.4235
710.000000 74.120 -178.2764
720.000000 74.131 -178.1416
730.000000 74.145 -178.0486
740.000000 74.156 -177.8908
750.000000 74.169 -177.7138
762.000000 74.183 -177.5219
775.000000 74.201 -177.3289
788.000000 74.222 -177.0594
800.000000 74.249 -176.7405
812.000000 74.280 -176.4870
825.000000 74.311 -176.2304
838.000000 74.347 -176.0167
850.000000 74.397 -175.8380
862.000000 74.452 -175.6893
875.000000 74.510 -175.5169
885.000000 74.549 -175.3766
900.000000 74.599 -175.2044
912.000000 74.642 -175.1068
925.000000 74.693 -174.9993
938.000000 74.747 -174.8308
950.000000 74.798 -174.7064
962.000000 74.851 -174.6455
975.000000 74.910 -174.5562
988.000000 74.972 -174.4395
1000.000000 75.027 -174.3879
1015.000000 75.098 -174.3737
1030.000000 75.176 -174.3335
1044.000000 75.251 -174.2915
1060.000000 75.329 -174.2386
1075.000000 75.394 -174.2564
1090.000000 75.470 -174.3182
1106.000000 75.563 -174.3726
1120.000000 75.641 -174.4294
1138.000000 75.733 -174.5421
1150.000000 75.793 -174.6204
1172.000000 75.906 -174.7684
1180.000000 75.949 -174.8352
1206.000000 76.086 -175.0385
1220.000000 76.158 -175.1430
1241.000000 76.261 -175.3216
1250.000000 76.307 -175.4066
1265.000000 76.383 -175.5699
1280.000000 76.458 -175.7453
1315.000000 76.633 -176.0972
1320.000000 76.659 -176.1443
1340.000000 76.758 -176.3560
1360.000000 76.853 -176.6119
1380.000000 76.951 -176.8666
1400.000000 77.048 -177.1355
1430.000000 77.179 -177.4315
1450.000000 77.275 -177.6761
1475.000000 77.398 -178.0201
1500.000000 77.510 -178.3212
1525.000000 77.613 -178.6186
1550.000000 77.723 -178.9081
1575.000000 77.834 -179.2285
1600.000000 77.944 -179.5610
1625.000000 78.054 -179.8874
1650.000000 78.164 179.7395
1675.000000 78.276 179.3486
1700.000000 78.387 178.9488
1725.000000 78.502 178.5361
1750.000000 78.617 178.0952
1775.000000 78.732 177.6410
1800.000000 78.849 177.1469
1825.000000 78.969 176.6351
1850.000000 79.092 176.1281
1875.000000 79.221 175.5725
1900.000000 79.348 174.9688
1925.000000 79.473 174.3454
1950.000000 79.600 173.6970
1975.000000 79.729 173.0096
2000.000000 79.860 172.2999
2030.000000 80.018 171.4326
2060.000000 80.174 170.4984
2090.000000 80.330 169.5124
2120.000000 80.483 168.4791
2140.000000 80.582 167.7570
2180.000000 80.771 166.2585
2200.000000 80.860 165.4822
2240.000000 81.025 163.9269
2270.000000 81.146 162.8120
2300.000000 81.272 161.7158
2330.000000 81.404 160.5890
2360.000000 81.537 159.3731
2400.000000 81.711 157.6037
2430.000000 81.835 156.2101
2470.000000 81.982 154.2576
2500.000000 82.080 152.7393
2540.000000 82.199 150.6915
2580.000000 82.302 148.5868
2620.000000 82.389 146.4427
2650.000000 82.442 144.8178
2690.000000 82.496 142.6285
2720.000000 82.525 140.9829
2760.000000 82.550 138.8139
2800.000000 82.559 136.6720
2850.000000 82.544 134.0359
2900.000000 82.506 131.5157
2950.000000 82.454 129.1753
3000.000000 82.403 127.0059
3040.000000 82.371 125.3277
3070.000000 82.357 124.0520
3110.000000 82.346 122.2906
3150.000000 82.328 120.4443
3200.000000 82.283 118.0420
3250.000000 82.215 115.6477
3300.000000 82.123 113.3224
3350.000000 82.015 111.0959
3400.000000 81.894 108.9706
3450.000000 81.767 106.9531
3500.000000 81.635 105.0376
3550.000000 81.501 103.2197
3600.000000 81.365 101.4844
3650.000000 81.226 99.8309
3700.000000 81.086 98.2481
3750.000000 80.945 96.7315
3820.000000 80.751 94.6945
3870.000000 80.615 93.3071
3950.000000 80.394 91.1966
4000.000000 80.259 89.9442
4060.000000 80.100 88.4792
4120.000000 79.940 87.0583
4180.000000 79.782 85.7153
4250.000000 79.598 84.2065
4310.000000 79.442 82.9372
4370.000000 79.287 81.7004
4440.000000 79.111 80.3071
4500.000000 78.963 79.1645
4550.000000 78.838 78.2421
4620.000000 78.665 76.9873
4680.000000 78.514 75.9426
4750.000000 78.344 74.7555
4820.000000 78.178 73.6103
4870.000000 78.058 72.8092
4940.000000 77.890 71.7198
5000.000000 77.752 70.8276
5080.000000 77.571 69.7036
5150.000000 77.412 68.7260
5220.000000 77.258 67.7717
5300.000000 77.085 66.7509
5380.000000 76.909 65.7325
5450.000000 76.754 64.8592
5520.000000 76.595 64.0339
5600.000000 76.411 63.1186
5700.000000 76.182 62.0642
5800.000000 75.953 61.1515
5900.000000 75.723 60.3300
6000.000000 75.499 59.6241
6080.000000 75.322 59.1747
6150.000000 75.174 58.8727
6220.000000 75.034 58.6316
6300.000000 74.884 58.4391
6400.000000 74.713 58.3472
6500.000000 74.556 58.3655
6600.000000 74.423 58.4793
6700.000000 74.317 58.7131
6800.000000 74.241 59.1141
6900.000000 74.198 59.6283
7000.000000 74.190 60.2052
7100.000000 74.224 60.8346
7200.000000 74.303 61.4925
7300.000000 74.421 62.1606
7400.000000 74.565 63.0055
7500.000000 74.767 64.5718
7620.000000 75.147 67.7395
7750.000000 75.670 71.9210
7880.000000 76.277 74.9757
8000.000000 76.884 75.7377
8120.000000 77.595 74.7324
8250.000000 78.485 72.2424
8380.000000 79.433 68.0876
8500.000000 80.278 62.2936
8620.000000 80.963 54.3762
8750.000000 81.351 43.8739
8850.000000 81.322 35.3422
9000.000000 80.761 23.9236
9120.000000 80.023 17.2759
9250.000000 79.208 12.6692
9380.000000 78.592 9.5721
9500.000000 78.219 6.7135
9620.000000 77.915 3.1654
9750.000000 77.519 -1.2960
9880.000000 76.992 -5.7214
10000.000000 76.407 -9.2761
10150.000000 75.609 -12.7347
10300.000000 74.808 -15.1195
10440.000000 74.099 -16.5521
10600.000000 73.367 -17.5469
10750.000000 72.763 -18.0621
10900.000000 72.230 -18.2689
11060.000000 71.741 -18.2689
11200.000000 71.377 -18.2002
11380.000000 70.992 -18.0876
11500.000000 70.776 -18.0261
11720.000000 70.450 -18.0619
11800.000000 70.350 -18.1375
12060.000000 70.079 -18.5508
12200.000000 69.954 -18.8173
12410.000000 69.780 -19.1339
12500.000000 69.716 -19.2321
12650.000000 69.631 -19.3497
12800.000000 69.583 -19.3878
13150.000000 69.634 -19.1882
13200.000000 69.659 -19.1407
13400.000000 69.807 -18.9860
13600.000000 70.027 -18.9965
13800.000000 70.304 -19.1627
14000.000000 70.625 -19.2950
14300.000000 71.172 -19.2599
14500.000000 71.600 -19.4465
14750.000000 72.259 -20.2200
15000.000000 73.057 -21.5945
15250.000000 73.872 -23.9429
15500.000000 74.503 -28.5840
15750.000000 74.745 -35.1653
16000.000000 74.507 -41.2227
16250.000000 73.853 -44.3394
16500.000000 72.960 -44.6411
16750.000000 72.012 -43.0035
17000.000000 71.125 -40.0959
17250.000000 70.343 -36.8898
17500.000000 69.646 -34.6459
17750.000000 68.812 -34.2280
18000.000000 67.529 -34.2217
18250.000000 65.997 -32.5593
18500.000000 64.757 -30.5796
18750.000000 63.771 -30.0505
19000.000000 62.749 -31.0150
19250.000000 61.654 -32.8931
19500.000000 60.611 -35.0687
19750.000000 59.639 -37.3855
20000.000000 58.683 -39.5580
